0 0.2452445652173913 0.9171195652173912 0.09375 0.07336956521739126
0 0.3607336956521739 0.8831521739130435 0.042119565217391255 0.032608695652173905
0 0.5387228260869565 0.7255434782608695 0.12092391304347828 0.11413043478260874
0 0.18546195652173914 0.654891304347826 0.15081521739130432 0.14130434782608695
0 0.26290760869565216 0.5020380434782609 0.08831521739130434 0.07201086956521735
0 0.592391304347826 0.29279891304347827 0.07336956521739126 0.05842391304347828
0 0.7866847826086957 0.3994565217391305 0.1141304347826086 0.10326086956521742
0 0.8879076086956522 0.21671195652173914 0.14538043478260876 0.13179347826086954
0 0.9680706521739131 0.8410326086956522 0.05027173913043484 0.048913043478260934
0 0.607336956521739 0.03192934782608696 0.06793478260869555 0.05570652173913044
0 0.41236413043478265 0.6148097826086957 0.028532608695652117 0.025815217391304372
0 0.0672554347826087 0.9327445652173912 0.055706521739130446 0.04483695652173921
0 0.7914402173913043 0.594429347826087 0.042119565217391394 0.0366847826086957
0 0.8464673913043478 0.4741847826086956 0.032608695652173905 0.032608695652173905
